0.0000000000000000e+00	3.1957462334610282e-06	3.1903600369961487e-06
1.0000000000000000e+00	-1.9949458507064164e+00	9.9495223681268685e-01
0.0000000000000000e+00	4.3932988806108150e-06	4.3846170782446873e-06
1.0000000000000000e+00	-1.9940744904155485e+00	9.9408326833150740e-01
0.0000000000000000e+00	3.7585581706572353e-06	3.7516881873748761e-06
1.0000000000000000e+00	-1.9945190342609966e+00	9.9452654450735467e-01
0.0000000000000000e+00	3.3418719059002408e-06	3.3361120918616024e-06
1.0000000000000000e+00	-1.9948316408802165e+00	9.9483831886421425e-01
0.0000000000000000e+00	8.8341294254779072e-05	8.7558459643999258e-05
1.0000000000000000e+00	-1.9734745590876397e+00	9.7365045884153845e-01
0.0000000000000000e+00	2.0293314059887916e-06	2.0266058618578904e-06
1.0000000000000000e+00	-1.9959721284688576e+00	9.9597618440612545e-01
0.0000000000000000e+00	5.1501041920721376e-06	5.1390850495786225e-06
1.0000000000000000e+00	-1.9935846467777214e+00	9.9359493596696302e-01
0.0000000000000000e+00	4.0057544893420846e-06	3.9981957344979953e-06
1.0000000000000000e+00	-1.9943417493078375e+00	9.9434975325806130e-01
0.0000000000000000e+00	4.1720309423586268e-06	4.1639966977474495e-06
1.0000000000000000e+00	-1.9942255640482878e+00	9.9423390007592782e-01
0.0000000000000000e+00	8.5654201537960423e-05	8.4906811389751791e-05
1.0000000000000000e+00	-1.9738801980920444e+00	9.7405075910497207e-01
0.0000000000000000e+00	1.0641081880202109e-05	1.0608355159250119e-05
1.0000000000000000e+00	-1.9907805776668051e+00	9.9080182710384446e-01
0.0000000000000000e+00	3.3104509501621302e-04	3.2536629076354015e-04
1.0000000000000000e+00	-1.9487589467017021e+00	9.4941535808748190e-01
0.0000000000000000e+00	1.9705219536837065e-03	1.8880492317837798e-03
1.0000000000000000e+00	-1.8757652031761234e+00	8.7962377436159089e-01
0.0000000000000000e+00	7.3772883623632226e-06	7.3583967541021331e-06
1.0000000000000000e+00	-1.9923225824350981e+00	9.9233731812021453e-01
0.0000000000000000e+00	5.4251164914587858e-06	5.4132030460195736e-06
1.0000000000000000e+00	-1.9934156793706634e+00	9.9342651769020096e-01
0.0000000000000000e+00	3.2179863603964312e-05	3.2007755915786841e-05
1.0000000000000000e+00	-1.9839765647229126e+00	9.8404075234243238e-01
0.0000000000000000e+00	9.0611133011693314e-06	9.0353977317199402e-06
1.0000000000000000e+00	-1.9914920011676336e+00	9.9151009767866649e-01
0.0000000000000000e+00	1.0166977638889727e-03	9.8613314034949585e-04
1.0000000000000000e+00	-1.9104940023408830e+00	9.1249683324512143e-01
0.0000000000000000e+00	2.1886872900049206e-06	2.1856344831478900e-06
1.0000000000000000e+00	-1.9958170241343502e+00	9.9582139845612339e-01
0.0000000000000000e+00	8.2157002532185226e-06	8.1934983258760025e-06
1.0000000000000000e+00	-1.9918983461986843e+00	9.9191475539726348e-01
0.0000000000000000e+00	8.0990058962618569e-05	8.0302876763313228e-05
1.0000000000000000e+00	-1.9745997688415300e+00	9.7476106177725597e-01
0.0000000000000000e+00	8.1482584450166462e-06	8.1263293357770517e-06
1.0000000000000000e+00	-1.9919316450794988e+00	9.9194791966727958e-01
0.0000000000000000e+00	8.9741973759005145e-06	8.9488509207425030e-06
1.0000000000000000e+00	-1.9915328757428175e+00	9.9155079879111407e-01
0.0000000000000000e+00	2.8346279408893018e-05	2.8203991485841116e-05
1.0000000000000000e+00	-1.9849600171682638e+00	9.8501656743915844e-01
0.0000000000000000e+00	1.4733675934504280e-05	1.4680355888465428e-05
1.0000000000000000e+00	-1.9891530590813868e+00	9.8918247311320984e-01
0.0000000000000000e+00	3.4542944375961733e-06	3.4482415474260651e-06
1.0000000000000000e+00	-1.9947454644410672e+00	9.9475236697705216e-01
0.0000000000000000e+00	1.2985701039515711e-05	1.2941582418120276e-05
1.0000000000000000e+00	-1.9898162318452091e+00	9.8984215912866669e-01
0.0000000000000000e+00	6.0992200711425637e-05	6.0543108381160281e-05
1.0000000000000000e+00	-1.9779513892417153e+00	9.7807292455080785e-01
0.0000000000000000e+00	4.8887953712967943e-06	4.8786041422247976e-06
1.0000000000000000e+00	-1.9937494321814664e+00	9.9375919958097991e-01
0.0000000000000000e+00	7.1807835655347619e-06	7.1626417166015755e-06
1.0000000000000000e+00	-1.9924254570350053e+00	9.9243980046028746e-01
0.0000000000000000e+00	3.3381495103688402e-06	3.3323993171367124e-06
1.0000000000000000e+00	-1.9948345188694545e+00	9.9484118941828203e-01
0.0000000000000000e+00	1.1796086771518190e-05	1.1757889638932029e-05
1.0000000000000000e+00	-1.9902935121881393e+00	9.9031706616454973e-01
0.0000000000000000e+00	1.0559830747721318e-05	1.0527478143011539e-05
1.0000000000000000e+00	-1.9908158160099592e+00	9.9083690331884988e-01
0.0000000000000000e+00	1.5921145729043081e-04	1.5731742937028913e-04
1.0000000000000000e+00	-1.9644174825701879e+00	9.6473401145684856e-01
0.0000000000000000e+00	6.1518666466366019e-06	6.1374808421880047e-06
1.0000000000000000e+00	-1.9929887668734168e+00	9.9300105622090562e-01
0.0000000000000000e+00	2.2420163496426676e-05	2.2320075484113649e-05
1.0000000000000000e+00	-1.9866223710650144e+00	9.8666711130399487e-01
0.0000000000000000e+00	2.2847197883285087e-06	2.2814638724917855e-06
1.0000000000000000e+00	-1.9957262739157406e+00	9.9573084009940149e-01
0.0000000000000000e+00	7.0347245724997252e-06	7.0171334141773708e-06
1.0000000000000000e+00	-1.9925028384073231e+00	9.9251689026530976e-01
0.0000000000000000e+00	6.2402314108522128e-06	6.2255345417260095e-06
1.0000000000000000e+00	-1.9929386216777236e+00	9.9295108744367622e-01
0.0000000000000000e+00	4.0039650434639491e-04	3.9284276334826878e-04
1.0000000000000000e+00	-1.9436709926345348e+00	9.4446423190222950e-01
0.0000000000000000e+00	2.5557096311110149e-05	2.5435283998394307e-05
1.0000000000000000e+00	-1.9857182101528545e+00	9.8576920253316402e-01
0.0000000000000000e+00	9.2899988855829258e-05	9.2055783878929471e-05
1.0000000000000000e+00	-1.9728003108301027e+00	9.7298526660283746e-01
0.0000000000000000e+00	1.1778997392456055e-03	1.1397848255066704e-03
1.0000000000000000e+00	-1.9037153269777112e+00	9.0603301154246341e-01
0.0000000000000000e+00	2.1671392359504723e-06	2.1641314011685647e-06
1.0000000000000000e+00	-1.9958376590062232e+00	9.9584199027686038e-01
0.0000000000000000e+00	1.8400679917224207e-05	1.8326262485362500e-05
1.0000000000000000e+00	-1.9878794484609670e+00	9.8791617540336962e-01
0.0000000000000000e+00	5.4869297431636902e-05	5.4486103840613862e-05
1.0000000000000000e+00	-1.9790853734174143e+00	9.7919472881868652e-01
0.0000000000000000e+00	2.3235954594963216e-05	2.3130354408218641e-05
1.0000000000000000e+00	-1.9863814378140452e+00	9.8642780412304842e-01
0.0000000000000000e+00	2.7671176340447377e-06	2.7627778792482886e-06
1.0000000000000000e+00	-1.9952968540259555e+00	9.9530238392146875e-01
0.0000000000000000e+00	1.3784538228587234e-05	1.3736286578246075e-05
1.0000000000000000e+00	-1.9895079411349661e+00	9.8953546195977293e-01
0.0000000000000000e+00	2.9919627777646237e-06	2.9870834719372187e-06
1.0000000000000000e+00	-1.9951095823287979e+00	9.9511556137504753e-01
