0.0000000000000000e+00	1.9735322710959176e-04	1.9473931170301332e-04
1.0000000000000000e+00	-1.9603973466135107e+00	9.6078943915232329e-01
0.0000000000000000e+00	2.0535158695975133e-04	2.0257716614642234e-04
1.0000000000000000e+00	-1.9596055076473946e+00	9.6001343640050074e-01
0.0000000000000000e+00	2.1384621794742642e-04	2.1089787728781594e-04
1.0000000000000000e+00	-1.9587813588173875e+00	9.5920610291262265e-01
0.0000000000000000e+00	2.2287904095522491e-04	2.1974193481488121e-04
1.0000000000000000e+00	-1.9579228814784044e+00	9.5836550245417451e-01
0.0000000000000000e+00	2.3249649853418532e-04	2.2915416287114509e-04
1.0000000000000000e+00	-1.9570278852554206e+00	9.5748953591682595e-01
0.0000000000000000e+00	2.4275015303402614e-04	2.3918428898165843e-04
1.0000000000000000e+00	-1.9560939893857034e+00	9.5657592382771917e-01
0.0000000000000000e+00	2.5369737911701843e-04	2.4988760203749111e-04
1.0000000000000000e+00	-1.9551186015746165e+00	9.5562218655577102e-01
0.0000000000000000e+00	2.6540216806815605e-04	2.6132571563413249e-04
1.0000000000000000e+00	-1.9540988939696535e+00	9.5462562185335575e-01
0.0000000000000000e+00	2.7793606501336487e-04	2.7356745649115115e-04
1.0000000000000000e+00	-1.9530317757838547e+00	9.5358327930535924e-01
0.0000000000000000e+00	2.9137926475073200e-04	2.8668990193509748e-04
1.0000000000000000e+00	-1.9519138620105201e+00	9.5249193117720587e-01
0.0000000000000000e+00	3.0582189763077891e-04	3.0077959572672954e-04
1.0000000000000000e+00	-1.9507414375622876e+00	9.5134803905564502e-01
0.0000000000000000e+00	3.2136554410855145e-04	3.1593397814626349e-04
1.0000000000000000e+00	-1.9495104160344012e+00	9.5014771555665600e-01
0.0000000000000000e+00	3.3812502565002046e-04	3.3226307459506907e-04
1.0000000000000000e+00	-1.9482162921279258e+00	9.4888668022817091e-01
0.0000000000000000e+00	3.5623053115927745e-04	3.4989149752808830e-04
1.0000000000000000e+00	-1.9468540865658568e+00	9.4756020859454415e-01
0.0000000000000000e+00	3.7583015273437567e-04	3.6896082996002518e-04
1.0000000000000000e+00	-1.9454182820829393e+00	9.4616307306563374e-01
0.0000000000000000e+00	3.9709292334020278e-04	3.8963247597411586e-04
1.0000000000000000e+00	-1.9439027487548874e+00	9.4468947415420179e-01
0.0000000000000000e+00	4.2021247323098890e-04	4.1209108579421761e-04
1.0000000000000000e+00	-1.9423006565366570e+00	9.4313296009568215e-01
0.0000000000000000e+00	4.4541145346360726e-04	4.3654869167099466e-04
1.0000000000000000e+00	-1.9406043723786137e+00	9.4148633252374836e-01
0.0000000000000000e+00	4.7294691608368593e-04	4.6324972828350441e-04
1.0000000000000000e+00	-1.9388053386522262e+00	9.3974153529659332e-01
0.0000000000000000e+00	5.0311689495143930e-04	4.9247716060291265e-04
1.0000000000000000e+00	-1.9368939288006501e+00	9.3788952285620453e-01
0.0000000000000000e+00	5.3626850346225096e-04	5.2456000742326305e-04
1.0000000000000000e+00	-1.9348592750766309e+00	9.3592010358751643e-01
0.0000000000000000e+00	5.7280796231120874e-04	5.5988263595350106e-04
1.0000000000000000e+00	-1.9326890618616941e+00	9.3382175245995880e-01
0.0000000000000000e+00	6.1321310148752112e-04	5.9889632037171464e-04
1.0000000000000000e+00	-1.9303692762680371e+00	9.3158138568989635e-01
0.0000000000000000e+00	6.5804905957912458e-04	6.4213371707674458e-04
1.0000000000000000e+00	-1.9278839053565471e+00	9.2918408813320297e-01
0.0000000000000000e+00	7.0798815017204667e-04	6.9022712892569224e-04
1.0000000000000000e+00	-1.9252145661482736e+00	9.2661278142737136e-01
0.0000000000000000e+00	7.6383520902550853e-04	7.4393173550488776e-04
1.0000000000000000e+00	-1.9223400503597796e+00	9.2384781730430998e-01
0.0000000000000000e+00	8.2656022063044507e-04	8.0415539427260163e-04
1.0000000000000000e+00	-1.9192357600195966e+00	9.2086647563449964e-01
0.0000000000000000e+00	8.9734071504213341e-04	8.7199722513968956e-04
1.0000000000000000e+00	-1.9158730021887904e+00	9.1764234012897228e-01
0.0000000000000000e+00	9.7761742738355743e-04	9.4879806558267942e-04
1.0000000000000000e+00	-1.9122180999757643e+00	9.1414451546873055e-01
0.0000000000000000e+00	1.0691681821419329e-03	1.0362071593914112e-03
1.0000000000000000e+00	-1.9082312614986270e+00	9.1033663684016031e-01
0.0000000000000000e+00	1.1742071548567247e-03	1.1362713320002054e-03
1.0000000000000000e+00	-1.9038651262682076e+00	9.0617560475506453e-01
0.0000000000000000e+00	1.2955199837483219e-03	1.2515557500310250e-03
1.0000000000000000e+00	-1.8990628763282933e+00	9.0160995206207262e-01
0.0000000000000000e+00	1.4366503284925615e-03	1.3853097206390809e-03
1.0000000000000000e+00	-1.8937557521720509e+00	8.9657771222118265e-01
0.0000000000000000e+00	1.6021615434372331e-03	1.5416977919141227e-03
1.0000000000000000e+00	-1.8878597425479797e+00	8.9100360188333105e-01
0.0000000000000000e+00	1.7980101230000932e-03	1.7261272695338859e-03
1.0000000000000000e+00	-1.8812711089492709e+00	8.8479524634180484e-01
0.0000000000000000e+00	2.0320890002884879e-03	1.9457209801364860e-03
1.0000000000000000e+00	-1.8738602365560335e+00	8.7783804653645847e-01
0.0000000000000000e+00	2.3150350722982382e-03	2.2100137744997523e-03
1.0000000000000000e+00	-1.8654630333804427e+00	8.6998808222724067e-01
0.0000000000000000e+00	2.6614586771894089e-03	2.5320023622385488e-03
1.0000000000000000e+00	-1.8558686565742488e+00	8.6106211761367679e-01
0.0000000000000000e+00	3.0918671248675749e-03	2.9297689362267759e-03
1.0000000000000000e+00	-1.8448015971590643e+00	8.5082323322015863e-01
0.0000000000000000e+00	3.6357689011632319e-03	3.4290665109194107e-03
1.0000000000000000e+00	-1.8318948494295002e+00	8.3895968484158279e-01
0.0000000000000000e+00	4.3368654212995530e-03	4.0675753103794707e-03
1.0000000000000000e+00	-1.8166485262488568e+00	8.2505296698053576e-01
0.0000000000000000e+00	5.2621029564774626e-03	4.9021857078317211e-03
1.0000000000000000e+00	-1.7983638061824299e+00	8.0852809484673904e-01
0.0000000000000000e+00	6.5182487199704495e-03	6.0220337790387393e-03
1.0000000000000000e+00	-1.7760331944326642e+00	7.8857347693167335e-01
0.0000000000000000e+00	8.2840850158457362e-03	7.5731102854398524e-03
1.0000000000000000e+00	-1.7481492878605613e+00	7.6400648316184694e-01
0.0000000000000000e+00	1.0877600726753823e-02	9.8077882064638300e-03
1.0000000000000000e+00	-1.7123516804622860e+00	7.3303706939550373e-01
0.0000000000000000e+00	1.4909453249161738e-02	1.3192599812364970e-02
1.0000000000000000e+00	-1.6647266604006417e+00	6.9282871346216823e-01
0.0000000000000000e+00	2.1676829074748435e-02	1.8666664001647387e-02
1.0000000000000000e+00	-1.5982862059804472e+00	6.3862969905684308e-01
0.0000000000000000e+00	3.4346904227462983e-02	2.8341577444071685e-02
1.0000000000000000e+00	-1.4992466408638498e+00	5.6193512253538436e-01
0.0000000000000000e+00	6.2418951219801254e-02	4.7698033202628158e-02
1.0000000000000000e+00	-1.3363224143533867e+00	4.4643939877581607e-01
0.0000000000000000e+00	1.4583794998447877e-01	9.3160735330292274e-02
1.0000000000000000e+00	-1.0222501642756039e+00	2.6124884959037487e-01
