0.0000000000000000e+00	3.5281578673296337e-05	3.5083997295673889e-05
1.0000000000000000e+00	-1.9832231616841591e+00	9.8329352726012809e-01
0.0000000000000000e+00	4.8371483523823033e-05	4.8054301766363929e-05
1.0000000000000000e+00	-1.9803606736072559e+00	9.8045709939254611e-01
0.0000000000000000e+00	4.1440050816835423e-05	4.1188541279159975e-05
1.0000000000000000e+00	-1.9818199458641073e+00	9.8190257445620321e-01
0.0000000000000000e+00	3.6881720370003654e-05	3.6670546216037677e-05
1.0000000000000000e+00	-1.9828474763855528e+00	9.8292102865213882e-01
0.0000000000000000e+00	9.1306885026340087e-04	8.8705613027008877e-04
1.0000000000000000e+00	-1.9151442404893224e+00	9.1694436546985592e-01
0.0000000000000000e+00	2.2475879093135859e-05	2.2375417760991641e-05
1.0000000000000000e+00	-1.9866057778345847e+00	9.8665062913143886e-01
0.0000000000000000e+00	5.6617871456988403e-05	5.6216215273174082e-05
1.0000000000000000e+00	-1.9787553219153442e+00	9.7886815600207433e-01
0.0000000000000000e+00	4.4141173222983093e-05	4.3864676576887037e-05
1.0000000000000000e+00	-1.9812377133803079e+00	9.8132571923010770e-01
0.0000000000000000e+00	4.5956840319298302e-05	4.5663109635919829e-05
1.0000000000000000e+00	-1.9808563378680863e+00	9.8094795781804156e-01
0.0000000000000000e+00	8.8638508405302198e-04	8.6150430722083148e-04
1.0000000000000000e+00	-1.9163844657668481e+00	9.1813235515812197e-01
0.0000000000000000e+00	1.1597022254939295e-04	1.1479276754518802e-04
1.0000000000000000e+00	-1.9696182298017657e+00	9.6984899279186032e-01
0.0000000000000000e+00	3.1781886353837783e-03	3.0092546240240120e-03
1.0000000000000000e+00	-1.8426793941098905e+00	8.4886683736929824e-01
0.0000000000000000e+00	1.5396746020802468e-02	1.3595022910421190e-02
1.0000000000000000e+00	-1.6594606106117906e+00	6.8845237954301419e-01
0.0000000000000000e+00	8.0785377862779118e-05	8.0100799028019472e-05
1.0000000000000000e+00	-1.9746318170228296e+00	9.7479270319972045e-01
0.0000000000000000e+00	5.9609932783015682e-05	5.9176020323771682e-05
1.0000000000000000e+00	-1.9782022062486329e+00	9.7832099220173963e-01
0.0000000000000000e+00	3.4342763058186281e-04	3.3742724575492792e-04
1.0000000000000000e+00	-1.9478136080443651e+00	9.4849446292070183e-01
0.0000000000000000e+00	9.8969011730108699e-05	9.8040743878351512e-05
1.0000000000000000e+00	-1.9719279672550449e+00	9.7212497701065337e-01
0.0000000000000000e+00	8.7432668237452122e-03	7.9723605496038238e-03
1.0000000000000000e+00	-1.7414221403650414e+00	7.5813776773839048e-01
0.0000000000000000e+00	2.4229114440390434e-05	2.4116672009372131e-05
1.0000000000000000e+00	-1.9860937731285926e+00	9.8614211891504233e-01
0.0000000000000000e+00	8.9848169371196346e-05	8.9045219851980817e-05
1.0000000000000000e+00	-1.9732497933299067e+00	9.7342868671912985e-01
0.0000000000000000e+00	8.3994994515768225e-04	8.1699849978694771e-04
1.0000000000000000e+00	-1.9185887367756860e+00	9.2024568522063066e-01
0.0000000000000000e+00	8.9119815336701825e-05	8.8326609676504344e-05
1.0000000000000000e+00	-1.9733581963813855e+00	9.7353564280639870e-01
0.0000000000000000e+00	9.8032098138181418e-05	9.7116980556241492e-05
1.0000000000000000e+00	-1.9720608462050540e+00	9.7225599528374840e-01
0.0000000000000000e+00	3.0343037652231451e-04	2.9844710508853588e-04
1.0000000000000000e+00	-1.9509336171453064e+00	9.5153549462691733e-01
0.0000000000000000e+00	1.5976651613368385e-04	1.5786257484478710e-04
1.0000000000000000e+00	-1.9643556966134295e+00	9.6467332570440789e-01
0.0000000000000000e+00	3.8112222361401295e-05	3.7890392286321731e-05
1.0000000000000000e+00	-1.9825641043077535e+00	9.8264010692240122e-01
0.0000000000000000e+00	1.4110106055553105e-04	1.3952083098336707e-04
1.0000000000000000e+00	-1.9664964544241119e+00	9.6677707631565080e-01
0.0000000000000000e+00	6.3903148781852600e-04	6.2380106969398290e-04
1.0000000000000000e+00	-1.9289272891325369e+00	9.3019012169004933e-01
0.0000000000000000e+00	5.3772687840282988e-05	5.3400924340625231e-05
1.0000000000000000e+00	-1.9792950622139638e+00	9.7940223582614472e-01
0.0000000000000000e+00	7.8658640072920723e-05	7.8000915660312748e-05
1.0000000000000000e+00	-1.9749672569834440e+00	9.7512391653917718e-01
0.0000000000000000e+00	3.6840969020647577e-05	3.6630144765938217e-05
1.0000000000000000e+00	-1.9828569414879857e+00	9.8293041260177239e-01
0.0000000000000000e+00	1.2836421848043495e-04	1.2699305055338545e-04
1.0000000000000000e+00	-1.9680401959308997e+00	9.6829555319993355e-01
0.0000000000000000e+00	1.1509727555299053e-04	1.1393309016776809e-04
1.0000000000000000e+00	-1.9697325015423637e+00	9.6996153190808443e-01
0.0000000000000000e+00	1.6012509847440476e-03	1.5408387720208961e-03
1.0000000000000000e+00	-1.8878913070852232e+00	8.9103339684198812e-01
0.0000000000000000e+00	6.7505744621931102e-05	6.6982824530908560e-05
1.0000000000000000e+00	-1.9768061586490862e+00	9.7694064721823903e-01
0.0000000000000000e+00	2.4122540421099589e-04	2.3769308399998205e-04
1.0000000000000000e+00	-1.9562315872706821e+00	9.5671050575889316e-01
0.0000000000000000e+00	2.5285059817224839e-05	2.5165187224039485e-05
1.0000000000000000e+00	-1.9857943325336311e+00	9.8584478278067245e-01
0.0000000000000000e+00	7.7077204884170997e-05	7.6439215818686779e-05
1.0000000000000000e+00	-1.9752196512774449e+00	9.7537316769814775e-01
0.0000000000000000e+00	6.8464731254612744e-05	6.7930628769657632e-05
1.0000000000000000e+00	-1.9766423151811425e+00	9.7677871054116683e-01
0.0000000000000000e+00	3.7870597191302594e-03	3.5673215585047091e-03
1.0000000000000000e+00	-1.8284846213584922e+00	8.3583900263612720e-01
0.0000000000000000e+00	2.7421237383153021e-04	2.6993126451899384e-04
1.0000000000000000e+00	-1.9533462268042330e+00	9.5389037044258351e-01
0.0000000000000000e+00	9.5822701289416910e-04	9.3026081497655534e-04
1.0000000000000000e+00	-1.9130865297466331e+00	9.1497501757450383e-01
0.0000000000000000e+00	9.9388657694626150e-03	9.0045240670454975e-03
1.0000000000000000e+00	-1.7247300246194066e+00	7.4367341445591473e-01
0.0000000000000000e+00	2.3992116461561511e-05	2.3881319779707102e-05
1.0000000000000000e+00	-1.9861618735023459e+00	9.8620974693858710e-01
0.0000000000000000e+00	1.9874715533377003e-04	1.9610549745027359e-04
1.0000000000000000e+00	-1.9602582007058542e+00	9.6065305335863826e-01
0.0000000000000000e+00	5.7687146766028220e-04	5.6380835817056835e-04
1.0000000000000000e+00	-1.9324520962329439e+00	9.3359277605877478e-01
0.0000000000000000e+00	2.4981732984132835e-04	2.4609461810602939e-04
1.0000000000000000e+00	-1.9554618389267202e+00	9.5595775087466761e-01
0.0000000000000000e+00	3.0582843192625774e-05	3.0423387235810705e-05
1.0000000000000000e+00	-1.9843787029439377e+00	9.8443970917436618e-01
0.0000000000000000e+00	1.4963843825294940e-04	1.4791264176582190e-04
1.0000000000000000e+00	-1.9655006620342492e+00	9.6579821311426794e-01
0.0000000000000000e+00	3.3048612310562381e-05	3.2869488292954722e-05
1.0000000000000000e+00	-1.9837620074389082e+00	9.8382792553951171e-01
