0.0000000000000000e+00	1.9735322710959176e-04	1.9473931170301332e-04
1.0000000000000000e+00	-1.9603973466135107e+00	9.6078943915232329e-01
0.0000000000000000e+00	2.0526838136147277e-04	2.0249564661613368e-04
1.0000000000000000e+00	-1.9596136642921098e+00	9.6002142832008741e-01
0.0000000000000000e+00	2.1366943103029280e-04	2.1072474571873069e-04
1.0000000000000000e+00	-1.9587983409679166e+00	9.5922273514466561e-01
0.0000000000000000e+00	2.2259697579054242e-04	2.1946582304012055e-04
1.0000000000000000e+00	-1.9579494209870700e+00	9.5839148378590067e-01
0.0000000000000000e+00	2.3209594601636042e-04	2.2876224408125106e-04
1.0000000000000000e+00	-1.9570647841464557e+00	9.5752564233655324e-01
0.0000000000000000e+00	2.4221616917312561e-04	2.3866206456668782e-04
1.0000000000000000e+00	-1.9561421280160651e+00	9.5662300624980490e-01
0.0000000000000000e+00	2.5301302455143040e-04	2.4921865255836254e-04
1.0000000000000000e+00	-1.9551789479324819e+00	9.5568117960959176e-01
0.0000000000000000e+00	2.6454820244893324e-04	2.6049140900372917e-04
1.0000000000000000e+00	-1.9541725142975237e+00	9.5469755390897637e-01
0.0000000000000000e+00	2.7689058728558438e-04	2.7254660492739873e-04
1.0000000000000000e+00	-1.9531198467488431e+00	9.5366928394105610e-01
0.0000000000000000e+00	2.9011728832464254e-04	2.8545835735396417e-04
1.0000000000000000e+00	-1.9520176846878514e+00	9.5259326033352998e-01
0.0000000000000000e+00	3.0431484688282496e-04	2.9930977086846508e-04
1.0000000000000000e+00	-1.9508624535512282e+00	9.5146607816897955e-01
0.0000000000000000e+00	3.1958065543024179e-04	3.1419427773658509e-04
1.0000000000000000e+00	-1.9496502260911996e+00	9.5028400102436650e-01
0.0000000000000000e+00	3.3602463217392896e-04	3.3021721705452382e-04
1.0000000000000000e+00	-1.9483766777811247e+00	9.4904291963035314e-01
0.0000000000000000e+00	3.5377120507434391e-04	3.4749770291898799e-04
1.0000000000000000e+00	-1.9470370352796094e+00	9.4773830418760274e-01
0.0000000000000000e+00	3.7296167240683398e-04	3.6617084368307634e-04
1.0000000000000000e+00	-1.9456260166590709e+00	9.4636514917516079e-01
0.0000000000000000e+00	3.9375702381010759e-04	3.8639038976886884e-04
1.0000000000000000e+00	-1.9441377618214599e+00	9.4491790923503893e-01
0.0000000000000000e+00	4.1634132741721723e-04	4.0833190728052670e-04
1.0000000000000000e+00	-1.9425657511689154e+00	9.4339042440361309e-01
0.0000000000000000e+00	4.4092581670686457e-04	4.3219660020462014e-04
1.0000000000000000e+00	-1.9409027101497376e+00	9.4177583256664910e-01
0.0000000000000000e+00	4.6775384728024288e-04	4.5821593720433258e-04
1.0000000000000000e+00	-1.9391404967327344e+00	9.4006646651721892e-01
0.0000000000000000e+00	4.9710694180112416e-04	4.8665728252739453e-04
1.0000000000000000e+00	-1.9372699681387444e+00	9.3825373236307297e-01
0.0000000000000000e+00	5.2931220491610946e-04	5.1783078797347775e-04
1.0000000000000000e+00	-1.9352808222274240e+00	9.3632796522031358e-01
0.0000000000000000e+00	5.6475147481749907e-04	5.5209787925877992e-04
1.0000000000000000e+00	-1.9331614077324701e+00	9.3427825708654644e-01
0.0000000000000000e+00	6.0387269231744391e-04	5.8988177259703257e-04
1.0000000000000000e+00	-1.9308984959667455e+00	9.3209225043165989e-01
0.0000000000000000e+00	6.4720412344398915e-04	6.3168059603155953e-04
1.0000000000000000e+00	-1.9284770045516675e+00	9.2975588927114305e-01
0.0000000000000000e+00	6.9537228438493366e-04	6.7808387960554715e-04
1.0000000000000000e+00	-1.9258796609832234e+00	9.2725311714721381e-01
0.0000000000000000e+00	7.4912471258423380e-04	7.2979344011282212e-04
1.0000000000000000e+00	-1.9230865901757814e+00	9.2456550832847850e-01
0.0000000000000000e+00	8.0935914122634068e-04	7.8765005127801079e-04
1.0000000000000000e+00	-1.9200748051612171e+00	9.2167181435372147e-01
0.0000000000000000e+00	8.7716122072646781e-04	8.5266780559510428e-04
1.0000000000000000e+00	-1.9168175733385571e+00	9.1854740236487864e-01
0.0000000000000000e+00	9.5385377322268494e-04	9.2607881062727938e-04
1.0000000000000000e+00	-1.9132836212967828e+00	9.1516355388063275e-01
0.0000000000000000e+00	1.0410617929550764e-03	1.0093919293859112e-03
1.0000000000000000e+00	-1.9094361281229433e+00	9.1148658184528430e-01
0.0000000000000000e+00	1.1407992190641131e-03	1.1044708418702898e-03
1.0000000000000000e+00	-1.9052314385265996e+00	9.0747670858753404e-01
0.0000000000000000e+00	1.2555862318319984e-03	1.2136390439455441e-03
1.0000000000000000e+00	-1.9006174004007230e+00	9.0308662567650055e-01
0.0000000000000000e+00	1.3886099883493857e-03	1.3398229496028647e-03
1.0000000000000000e+00	-1.8955311924457401e+00	8.9825962538369231e-01
0.0000000000000000e+00	1.5439482032117220e-03	1.4867497496762730e-03
1.0000000000000000e+00	-1.8898964495960646e+00	8.9292714754895264e-01
0.0000000000000000e+00	1.7268853051524789e-03	1.6592253330041224e-03
1.0000000000000000e+00	-1.8836194064604137e+00	8.8700551709857034e-01
0.0000000000000000e+00	1.9443677107304951e-03	1.8635315247373669e-03
1.0000000000000000e+00	-1.8765836439450936e+00	8.8039154318056145e-01
0.0000000000000000e+00	2.2056728292622874e-03	2.1080049337553869e-03
1.0000000000000000e+00	-1.8686428111899822e+00	8.7295648895299993e-01
0.0000000000000000e+00	2.5234146406521189e-03	2.4038987843413968e-03
1.0000000000000000e+00	-1.8596103504528410e+00	8.6453766387783448e-01
0.0000000000000000e+00	2.9150942050807796e-03	2.7666974269998832e-03
1.0000000000000000e+00	-1.8492446799336006e+00	8.5492647156568125e-01
0.0000000000000000e+00	3.4055606165542276e-03	3.2181767264814194e-03
1.0000000000000000e+00	-1.8372273076583712e+00	8.4385104500140684e-01
0.0000000000000000e+00	4.0310486742383463e-03	3.7897354104051936e-03
1.0000000000000000e+00	-1.8231296058166482e+00	8.3095038990129177e-01
0.0000000000000000e+00	4.8460626027699771e-03	4.5279770438380685e-03
1.0000000000000000e+00	-1.8063607514308315e+00	8.1573479107743962e-01
0.0000000000000000e+00	5.9356515315252103e-03	5.5044587457227390e-03
1.0000000000000000e+00	-1.7860830976547395e+00	7.9752320793198739e-01
0.0000000000000000e+00	7.4385013135967598e-03	6.8335661407845820e-03
1.0000000000000000e+00	-1.7610684829966430e+00	7.7534055045102435e-01
0.0000000000000000e+00	9.5932734110823446e-03	8.7072443380297095e-03
1.0000000000000000e+00	-1.7294411875461306e+00	7.4774170529524264e-01
0.0000000000000000e+00	1.2839328179839217e-02	1.1467381408898417e-02
1.0000000000000000e+00	-1.6881878155765069e+00	7.1249452516524447e-01
0.0000000000000000e+00	1.8059059141909670e-02	1.5770251883460772e-02
1.0000000000000000e+00	-1.6321450773722312e+00	6.6597438839760170e-01
0.0000000000000000e+00	2.7244486040025332e-02	2.3002572946461530e-02
1.0000000000000000e+00	-1.5516828846163153e+00	6.0192994360280228e-01
0.0000000000000000e+00	4.5705620188713179e-02	3.6484990876650268e-02
1.0000000000000000e+00	-1.4266219011320249e+00	5.0881251219738832e-01
0.0000000000000000e+00	9.1739501803466933e-02	6.5492497595828911e-02
1.0000000000000000e+00	-1.2069501922343191e+00	3.6418219163361498e-01
