0.0000000000000000e+00	1.9973353322671112e-06	1.9946739930717328e-06
1.0000000000000000e+00	-1.9960039973346662e+00	9.9600798934399148e-01
0.0000000000000000e+00	2.0787865262281546e-06	2.0759607446228483e-06
1.0000000000000000e+00	-1.9959233605649505e+00	9.9592751531222135e-01
0.0000000000000000e+00	2.1653236016684934e-06	2.1623195460512967e-06
1.0000000000000000e+00	-1.9958394023757542e+00	9.9584373001890192e-01
0.0000000000000000e+00	2.2573789648678781e-06	2.2541813182570569e-06
1.0000000000000000e+00	-1.9957519132385864e+00	9.9575642479886950e-01
0.0000000000000000e+00	2.3554319727118853e-06	2.3520237371416727e-06
1.0000000000000000e+00	-1.9956606656225389e+00	9.9566537307824876e-01
0.0000000000000000e+00	2.4600151856976071e-06	2.4563774558906509e-06
1.0000000000000000e+00	-1.9955654120184221e+00	9.9557032841106363e-01
0.0000000000000000e+00	2.5717216145431181e-06	2.5678333152185125e-06
1.0000000000000000e+00	-1.9954658826968141e+00	9.9547102225174389e-01
0.0000000000000000e+00	2.6912131450222044e-06	2.6870507250054934e-06
1.0000000000000000e+00	-1.9953617831572783e+00	9.9536716142114834e-01
0.0000000000000000e+00	2.8192303651541540e-06	2.8147674399762807e-06
1.0000000000000000e+00	-1.9952527912179341e+00	9.9525842521573926e-01
0.0000000000000000e+00	2.9566040680092447e-06	2.9518110008376965e-06
1.0000000000000000e+00	-1.9951385536848192e+00	9.9514446209988805e-01
0.0000000000000000e+00	3.1042687647858321e-06	3.0991121732213489e-06
1.0000000000000000e+00	-1.9950186825284839e+00	9.9502488590942195e-01
0.0000000000000000e+00	3.2632786199286139e-06	3.2577207932925064e-06
1.0000000000000000e+00	-1.9948927504806515e+00	9.9489927148006474e-01
0.0000000000000000e+00	3.4348263174322695e-06	3.4288245254871210e-06
1.0000000000000000e+00	-1.9947602859456190e+00	9.9476714959646195e-01
0.0000000000000000e+00	3.6202654911237153e-06	3.6137711604813532e-06
1.0000000000000000e+00	-1.9946207670987008e+00	9.9462800113535244e-01
0.0000000000000000e+00	3.8211375096538249e-06	3.8140952381179827e-06
1.0000000000000000e+00	-1.9944736150160267e+00	9.9448125024877454e-01
0.0000000000000000e+00	4.0392036099126942e-06	4.0315499812604883e-06
1.0000000000000000e+00	-1.9943181856449992e+00	9.9432625639859040e-01
0.0000000000000000e+00	4.2764836351572945e-06	4.2681457868150309e-06
1.0000000000000000e+00	-1.9941537603805615e+00	9.9416230500998348e-01
0.0000000000000000e+00	4.5353029761315893e-06	4.5261968590680664e-06
1.0000000000000000e+00	-1.9939795349564340e+00	9.9398859645626914e-01
0.0000000000000000e+00	4.8183497621105293e-06	4.8083780149815143e-06
1.0000000000000000e+00	-1.9937946062890120e+00	9.9380423301678900e-01
0.0000000000000000e+00	5.1287449418770103e-06	5.1177942785132869e-06
1.0000000000000000e+00	-1.9935979568197677e+00	9.9360820335898814e-01
0.0000000000000000e+00	5.4701286849828198e-06	5.4580666636201825e-06
1.0000000000000000e+00	-1.9933884357830833e+00	9.9339936397843198e-01
0.0000000000000000e+00	5.8467675959007187e-06	5.8334385971219237e-06
1.0000000000000000e+00	-1.9931647366713428e+00	9.9317641687753577e-01
0.0000000000000000e+00	6.2636886744058025e-06	6.2489088583233880e-06
1.0000000000000000e+00	-1.9929253699650853e+00	9.9293788256261806e-01
0.0000000000000000e+00	6.7268479285268680e-06	6.7103988640736693e-06
1.0000000000000000e+00	-1.9926686299254230e+00	9.9268206717221563e-01
0.0000000000000000e+00	7.2433442762622938e-06	7.2249648274572138e-06
1.0000000000000000e+00	-1.9923925538835379e+00	9.9240702219264154e-01
0.0000000000000000e+00	7.8216931910206790e-06	7.8010690931774603e-06
1.0000000000000000e+00	-1.9920948719721445e+00	9.9211049473442869e-01
0.0000000000000000e+00	8.4721799509949464e-06	8.4489302935876319e-06
1.0000000000000000e+00	-1.9917729445742518e+00	9.9178986568449634e-01
0.0000000000000000e+00	9.2073201007217674e-06	9.1809796217031080e-06
1.0000000000000000e+00	-1.9914236838392174e+00	9.9144207213893987e-01
0.0000000000000000e+00	1.0042465991305325e-05	1.0012461631407415e-05
1.0000000000000000e+00	-1.9910434543215116e+00	9.9106350924913433e-01
0.0000000000000000e+00	1.0996614866149079e-05	1.0962234354059612e-05
1.0000000000000000e+00	-1.9906279459625527e+00	9.9064990481177284e-01
0.0000000000000000e+00	1.2093498828231740e-05	1.2053848044421814e-05
1.0000000000000000e+00	-1.9901720099974303e+00	9.9019615734430289e-01
0.0000000000000000e+00	1.3363074930088630e-05	1.3317019224402814e-05
1.0000000000000000e+00	-1.9896694445155174e+00	9.8969612460967193e-01
0.0000000000000000e+00	1.4843592499007725e-05	1.4789674671970147e-05
1.0000000000000000e+00	-1.9891127106824560e+00	9.8914234394962697e-01
0.0000000000000000e+00	1.6584508147239312e-05	1.6520831857066338e-05
1.0000000000000000e+00	-1.9884925519763406e+00	9.8852565731634490e-01
0.0000000000000000e+00	1.8650670288730549e-05	1.8574731172071133e-05
1.0000000000000000e+00	-1.9877974754315675e+00	9.8783470083302827e-01
0.0000000000000000e+00	2.1128446698943492e-05	2.1036882595483009e-05
1.0000000000000000e+00	-1.9870130327952327e+00	9.8705519812452713e-01
0.0000000000000000e+00	2.4134899043788058e-05	2.4023111826925311e-05
1.0000000000000000e+00	-1.9861208053734070e+00	9.8616896338427762e-01
0.0000000000000000e+00	2.7831867466780223e-05	2.7693435157916558e-05
1.0000000000000000e+00	-1.9850969395593125e+00	9.8515246486193719e-01
0.0000000000000000e+00	3.2448215208059352e-05	3.2273950198250555e-05
1.0000000000000000e+00	-1.9839099825473914e+00	9.8397470471279769e-01
0.0000000000000000e+00	3.8316119832457071e-05	3.8092507216929428e-05
1.0000000000000000e+00	-1.9825175943246491e+00	9.8259400295169852e-01
0.0000000000000000e+00	4.5932544302291634e-05	4.5639046518281307e-05
1.0000000000000000e+00	-1.9808613907693822e+00	9.8095296236020280e-01
0.0000000000000000e+00	5.6068029223831192e-05	5.5672209817510017e-05
1.0000000000000000e+00	-1.9788585488633026e+00	9.7897028910234396e-01
0.0000000000000000e+00	6.9969525599620325e-05	6.9417718045022275e-05
1.0000000000000000e+00	-1.9763875250221716e+00	9.7652691226581623e-01
0.0000000000000000e+00	8.9763090802502766e-05	8.8961281501679501e-05
1.0000000000000000e+00	-1.9732624329974335e+00	9.7344115736973769e-01
0.0000000000000000e+00	1.1931783877431164e-04	1.1808903460608955e-04
1.0000000000000000e+00	-1.9691839734306713e+00	9.6942138030405167e-01
0.0000000000000000e+00	1.6629094214886571e-04	1.6426919032719813e-04
1.0000000000000000e+00	-1.9636373745460500e+00	9.6396793467852604e-01
0.0000000000000000e+00	2.4763650237351749e-04	2.4396243140222980e-04
1.0000000000000000e+00	-1.9556559391225503e+00	9.5614753805632602e-01
0.0000000000000000e+00	4.0735897804674957e-04	3.9960735466744012e-04
1.0000000000000000e+00	-1.9431856943115839e+00	9.4399266064429810e-01
0.0000000000000000e+00	7.9142854361856894e-04	7.7043686664634062e-04
1.0000000000000000e+00	-1.9209591141176947e+00	9.2252097952795964e-01
0.0000000000000000e+00	2.1538747605921765e-03	2.0596271239730294e-03
1.0000000000000000e+00	-1.8701770145996450e+00	8.7439051648421018e-01
