time    error   X       learning Rate   Lambda  d_W
0
0.0011701
0.00457415
0.0100589
0.0174791
0.0266968
0.0375815
0.0500094
0.0638633
0.0790321
0.0954108
0.1129
0.131406
0.150839
0.171115
0.192156
0.213887
0.236236
0.259137
0.282528
0.306348
0.330543
0.35506
0.37985
0.404867
0.430067
0.455409
0.480856
0.506371
0.531921
0.557475
0.583004
0.60848
0.633879
0.659177
0.684352
0.709383
0.734253
0.758943
0.783438
0.807724
0.831786
0.855613
0.879193
0.902516
0.925574
0.948357
0.970859
0.993072
1.01499
1.03661
1.05793
1.07894
1.09964
1.12002
1.14009
1.15985
1.17928
1.1984
1.2172
1.23567
1.25384
1.27168
1.2892
1.30642
1.32331
1.3399
1.35617
1.37214
1.38781
1.40317
1.41823
1.433
1.44747
1.46165
1.47555
1.48916
1.5025
1.51555
1.52834
1.54086
1.55311
1.5651
1.57684
1.58832
1.59955
1.61054
1.62129
1.6318
1.64207
1.65212
1.66194
1.67154
1.68093
1.6901
1.69906
1.70781
1.71636
1.72472
1.73288
1.74085
1.74864
1.75624
1.76366
1.77091
1.77798
1.78489
1.79163
1.79821
1.80463
1.81089
1.817
1.82297
1.82879
1.83447
1.84001
1.84541
1.85068
1.85582
1.86083
1.86572
1.87048
1.87513
1.87966
1.88408
1.88839
1.89259
1.89668
1.90067
1.90456
1.90835
1.91204
1.91564
1.91915
1.92257
1.9259
1.92914
1.9323
1.93538
1.93838
1.94131
1.94416
1.94693
1.94963
1.95226
1.95483
1.95732
1.95975
1.96212
1.96443
1.96667
1.96886
1.97099
1.97306
1.97508
1.97705
1.97896
1.98082
1.98263
1.9844
1.98612
1.98779
1.98942
1.991
1.99255
1.99405
1.99551
1.99693
1.99831
1.99966
2.00097
2.00225
2.00349
2.0047
2.00587
2.00702
2.00813
2.00921
2.01026
2.01129
2.01229
2.01326
2.0142
2.01512
2.01601
2.01688
2.01773
2.01855
2.01935
2.02013
2.02089
2.02162
2.02234
2.02303
2.02371
2.02437
2.02501
2.02564
2.02624
2.02683
2.0274
2.02796
2.0285
2.02903
2.02954
2.03004
2.03053
2.031
2.03146
2.0319
2.03234
2.03276
2.03317
2.03357
2.03396
2.03433
2.0347
2.03506
2.0354
2.03574
2.03607
2.03638
2.03669
2.03699
2.03729
2.03757
2.03785
2.03812
2.03838
2.03863
2.03888
2.03912
2.03935
2.03958
2.0398
2.04001
2.04022
2.04042
2.04062
2.04081
2.041
2.04118
2.04135
2.04153
2.04169
2.04185
2.04201
2.04216
2.04231
2.04245
2.04259
2.04273
2.04286
2.04299
2.04311
2.04324
2.04335
2.04347
2.04358
2.04369
2.04379
2.04389
2.04399
2.04409
2.04418
2.04428
2.04436
2.04445
2.04453
2.04461
2.04469
2.04477
2.04484
2.04492
2.04499
2.04506
2.04512
2.04519
2.04525
2.04531
2.04537
2.04543
2.04548
2.04554
2.04559
2.04564
2.04569
2.04574
2.04579
2.04583
2.04588
2.04592
2.04596
2.046
2.04604
2.04608
2.04612
2.04616
2.04619
2.04622
2.04626
2.04629
2.04632
2.04635
2.04638
2.04641
2.04644
2.04647
2.04649
2.04652
2.04654
2.04657
2.04659
2.04661
2.04664
2.04666
2.04668
2.0467
2.04672
2.04674
2.04676
2.04677
2.04679
2.04681
2.04683
2.04684
2.04686
2.04687
2.04689
2.0469
2.04692
2.04693
2.04694
2.04696
2.04697
2.04698
2.04699
2.047
2.04701
2.04703
2.04704
2.04705
2.04706
2.04707
2.04707
2.04708
2.04709
2.0471
2.04711
2.04712
2.04713
2.04713
2.04714
2.04715
2.04715
2.04716
2.04717
2.04717
2.04718
2.04719
2.04719
2.0472
2.0472
2.04721
2.04721
2.04722
2.04722
2.04723
2.04723
2.04724
2.04724
2.04725
2.04725
2.04725
2.04726
2.04726
2.04727
2.04727
2.04727
2.04728
2.04728
2.04728
2.04729
2.04729
2.04729
2.04729
2.0473
2.0473
2.0473
2.04731
2.04731
2.04731
2.04731
2.04731
2.04732
2.04732
2.04732
2.04732
2.04732
2.04733
2.04733
2.04733
2.04733
2.04733
2.04734
2.04734
2.04734
2.04734
2.04734
2.04734
2.04734
2.04735
2.04735
2.04735
2.04735
2.04735
2.04735
2.04735
2.04735
2.04735
2.04736
2.04736
2.04736
2.04736
2.04736
2.04736
2.04736
2.04736
2.04736
2.04736
2.04736
2.04737
2.04737
2.04737
2.04737
2.04737
2.04737
2.04737
2.04737
2.04737
2.04737
2.04737
2.04737
2.04737
2.04737
2.04737
2.04737
2.04737
2.04738
2.04738
2.04738
2.04738
2.04738
2.04738
2.04738
2.04738
2.04738
2.04738
2.04738
2.04738
2.04738
2.04738
2.04738
2.04738
2.04738
2.04738
2.04738
2.04738
2.04738
2.04738
2.04738
2.04738
2.04738
2.04738
2.04738
2.04738
2.04738
2.04738
2.04738
2.04738
2.04738
2.04738
2.04738
2.04738
2.04738
2.04739
2.04739
2.04739
2.04739
2.04739
2.04739
2.04739
2.04739
2.04739
2.04739
2.04739
2.04739
2.04739
2.04739
2.04739

